88    0    6    0    8    1    160    0    156    

0    326631424    456    0    24577    884768768    148    0    0    

-669281456    32758    1064    0    503967086    32764    333724    0    0    

0    0    0    0    0    884768768    148    2187264    0    

0    0    -669281456    32758    0    0    6480964    0    1    

0    450275221    32764    1204    0    0    0    1000176    0    

0    0    11700    0    1152    0    4096    0    0    

0    0    0    0    0    0    0    1009376    0    

0    0    0    0    6483152    0    1310738    0    451643704    

