88    0    6    0    1    1    172    0    176    

0    -1774059520    644    0    24577    1011220480    139    0    0    

-669281456    32758    1064    0    503967086    32764    333724    0    0    

0    0    0    0    0    1011220480    139    2179072    0    

0    0    -669281456    32758    0    0    6480964    0    1    

0    450275221    32764    1204    0    0    0    738032    0    

0    0    9004    0    11608    0    4096    0    0    

0    0    0    0    0    0    0    747232    0    

0    0    0    0    6483152    0    1310738    0    451643704    

